[gd_scene load_steps=33 format=3 uid="uid://6o7drtalvvj7"]

[ext_resource type="PackedScene" uid="uid://ekd4qire07qr" path="res://fire_motion_check/art/three_girl/three-vrm-girl.vrm" id="1_sxngw"]
[ext_resource type="Animation" uid="uid://cm2khx6hfelrj" path="res://fire_motion_check/art/three_girl_motion_checker/ANIM_Motion_Check_2025-01-10_20-01-57_mp4.res" id="2_add43"]

[sub_resource type="AnimationNodeAdd2" id="AnimationNodeAdd2_add43"]

[sub_resource type="AnimationNodeAnimation" id="AnimationNodeAnimation_46keh"]
animation = &"Motion Checker/ANIM_Motion_Check_2025-01-10_20-01-57_mp4"

[sub_resource type="AnimationNodeAnimation" id="AnimationNodeAnimation_og6qe"]
animation = &"RESET"

[sub_resource type="AnimationNodeBlendTree" id="AnimationNodeBlendTree_6co3l"]
graph_offset = Vector2(-267.425, -41.9105)
nodes/Add2/node = SubResource("AnimationNodeAdd2_add43")
nodes/Add2/position = Vector2(680, 80)
nodes/Animation/node = SubResource("AnimationNodeAnimation_og6qe")
nodes/Animation/position = Vector2(140, 220)
"nodes/Animation 2/node" = SubResource("AnimationNodeAnimation_46keh")
"nodes/Animation 2/position" = Vector2(140, 40)
nodes/output/position = Vector2(860, 140)
node_connections = [&"Add2", 0, &"Animation 2", &"Add2", 1, &"Animation", &"output", 0, &"Add2"]

[sub_resource type="Animation" id="Animation_2t6jx"]
resource_name = "neutral"
tracks/0/type = "rotation_3d"
tracks/0/imported = true
tracks/0/enabled = true
tracks/0/path = NodePath("Root_/GeneralSkeleton:LeftEye")
tracks/0/interp = 1
tracks/0/loop_wrap = true
tracks/0/keys = PackedFloat64Array(0, 1, 0.707107, 0, 0, 0.707107)
tracks/1/type = "rotation_3d"
tracks/1/imported = true
tracks/1/enabled = true
tracks/1/path = NodePath("Root_/GeneralSkeleton:RightEye")
tracks/1/interp = 1
tracks/1/loop_wrap = true
tracks/1/keys = PackedFloat64Array(0, 1, 0.707107, 0, 0, 0.707107)

[sub_resource type="Animation" id="Animation_nb837"]
resource_name = "aa"
tracks/0/type = "blend_shape"
tracks/0/imported = false
tracks/0/enabled = true
tracks/0/path = NodePath("Root_/GeneralSkeleton/Face:Face.M_F00_000_00_Fcl_MTH_A")
tracks/0/interp = 1
tracks/0/loop_wrap = true
tracks/0/keys = PackedFloat64Array(0, 1, 0.99999)
tracks/1/type = "rotation_3d"
tracks/1/imported = true
tracks/1/enabled = true
tracks/1/path = NodePath("Root_/GeneralSkeleton:LeftEye")
tracks/1/interp = 1
tracks/1/loop_wrap = true
tracks/1/keys = PackedFloat64Array(0, 1, 0.707107, 0, 0, 0.707107)
tracks/2/type = "rotation_3d"
tracks/2/imported = true
tracks/2/enabled = true
tracks/2/path = NodePath("Root_/GeneralSkeleton:RightEye")
tracks/2/interp = 1
tracks/2/loop_wrap = true
tracks/2/keys = PackedFloat64Array(0, 1, 0.707107, 0, 0, 0.707107)

[sub_resource type="Animation" id="Animation_o5qnm"]
resource_name = "ih"
tracks/0/type = "blend_shape"
tracks/0/imported = false
tracks/0/enabled = true
tracks/0/path = NodePath("Root_/GeneralSkeleton/Face:Face.M_F00_000_00_Fcl_MTH_I")
tracks/0/interp = 1
tracks/0/loop_wrap = true
tracks/0/keys = PackedFloat64Array(0, 1, 0.99999)
tracks/1/type = "rotation_3d"
tracks/1/imported = true
tracks/1/enabled = true
tracks/1/path = NodePath("Root_/GeneralSkeleton:LeftEye")
tracks/1/interp = 1
tracks/1/loop_wrap = true
tracks/1/keys = PackedFloat64Array(0, 1, 0.707107, 0, 0, 0.707107)
tracks/2/type = "rotation_3d"
tracks/2/imported = true
tracks/2/enabled = true
tracks/2/path = NodePath("Root_/GeneralSkeleton:RightEye")
tracks/2/interp = 1
tracks/2/loop_wrap = true
tracks/2/keys = PackedFloat64Array(0, 1, 0.707107, 0, 0, 0.707107)

[sub_resource type="Animation" id="Animation_viqao"]
resource_name = "ou"
tracks/0/type = "blend_shape"
tracks/0/imported = false
tracks/0/enabled = true
tracks/0/path = NodePath("Root_/GeneralSkeleton/Face:Face.M_F00_000_00_Fcl_MTH_U")
tracks/0/interp = 1
tracks/0/loop_wrap = true
tracks/0/keys = PackedFloat64Array(0, 1, 0.99999)
tracks/1/type = "rotation_3d"
tracks/1/imported = true
tracks/1/enabled = true
tracks/1/path = NodePath("Root_/GeneralSkeleton:LeftEye")
tracks/1/interp = 1
tracks/1/loop_wrap = true
tracks/1/keys = PackedFloat64Array(0, 1, 0.707107, 0, 0, 0.707107)
tracks/2/type = "rotation_3d"
tracks/2/imported = true
tracks/2/enabled = true
tracks/2/path = NodePath("Root_/GeneralSkeleton:RightEye")
tracks/2/interp = 1
tracks/2/loop_wrap = true
tracks/2/keys = PackedFloat64Array(0, 1, 0.707107, 0, 0, 0.707107)

[sub_resource type="Animation" id="Animation_pmejv"]
resource_name = "ee"
tracks/0/type = "blend_shape"
tracks/0/imported = false
tracks/0/enabled = true
tracks/0/path = NodePath("Root_/GeneralSkeleton/Face:Face.M_F00_000_00_Fcl_MTH_E")
tracks/0/interp = 1
tracks/0/loop_wrap = true
tracks/0/keys = PackedFloat64Array(0, 1, 0.99999)
tracks/1/type = "rotation_3d"
tracks/1/imported = true
tracks/1/enabled = true
tracks/1/path = NodePath("Root_/GeneralSkeleton:LeftEye")
tracks/1/interp = 1
tracks/1/loop_wrap = true
tracks/1/keys = PackedFloat64Array(0, 1, 0.707107, 0, 0, 0.707107)
tracks/2/type = "rotation_3d"
tracks/2/imported = true
tracks/2/enabled = true
tracks/2/path = NodePath("Root_/GeneralSkeleton:RightEye")
tracks/2/interp = 1
tracks/2/loop_wrap = true
tracks/2/keys = PackedFloat64Array(0, 1, 0.707107, 0, 0, 0.707107)

[sub_resource type="Animation" id="Animation_8yfu8"]
resource_name = "oh"
tracks/0/type = "blend_shape"
tracks/0/imported = false
tracks/0/enabled = true
tracks/0/path = NodePath("Root_/GeneralSkeleton/Face:Face.M_F00_000_00_Fcl_MTH_O")
tracks/0/interp = 1
tracks/0/loop_wrap = true
tracks/0/keys = PackedFloat64Array(0, 1, 0.99999)
tracks/1/type = "rotation_3d"
tracks/1/imported = true
tracks/1/enabled = true
tracks/1/path = NodePath("Root_/GeneralSkeleton:LeftEye")
tracks/1/interp = 1
tracks/1/loop_wrap = true
tracks/1/keys = PackedFloat64Array(0, 1, 0.707107, 0, 0, 0.707107)
tracks/2/type = "rotation_3d"
tracks/2/imported = true
tracks/2/enabled = true
tracks/2/path = NodePath("Root_/GeneralSkeleton:RightEye")
tracks/2/interp = 1
tracks/2/loop_wrap = true
tracks/2/keys = PackedFloat64Array(0, 1, 0.707107, 0, 0, 0.707107)

[sub_resource type="Animation" id="Animation_je4tf"]
resource_name = "blink"
tracks/0/type = "blend_shape"
tracks/0/imported = false
tracks/0/enabled = true
tracks/0/path = NodePath("Root_/GeneralSkeleton/Face:Face.M_F00_000_00_Fcl_EYE_Close")
tracks/0/interp = 1
tracks/0/loop_wrap = true
tracks/0/keys = PackedFloat64Array(0, 1, 0.99999)
tracks/1/type = "rotation_3d"
tracks/1/imported = true
tracks/1/enabled = true
tracks/1/path = NodePath("Root_/GeneralSkeleton:LeftEye")
tracks/1/interp = 1
tracks/1/loop_wrap = true
tracks/1/keys = PackedFloat64Array(0, 1, 0.707107, 0, 0, 0.707107)
tracks/2/type = "rotation_3d"
tracks/2/imported = true
tracks/2/enabled = true
tracks/2/path = NodePath("Root_/GeneralSkeleton:RightEye")
tracks/2/interp = 1
tracks/2/loop_wrap = true
tracks/2/keys = PackedFloat64Array(0, 1, 0.707107, 0, 0, 0.707107)

[sub_resource type="Animation" id="Animation_h16ni"]
resource_name = "blinkLeft"
tracks/0/type = "blend_shape"
tracks/0/imported = false
tracks/0/enabled = true
tracks/0/path = NodePath("Root_/GeneralSkeleton/Face:Face.M_F00_000_00_Fcl_EYE_Close_L")
tracks/0/interp = 1
tracks/0/loop_wrap = true
tracks/0/keys = PackedFloat64Array(0, 1, 0.99999)
tracks/1/type = "rotation_3d"
tracks/1/imported = true
tracks/1/enabled = true
tracks/1/path = NodePath("Root_/GeneralSkeleton:LeftEye")
tracks/1/interp = 1
tracks/1/loop_wrap = true
tracks/1/keys = PackedFloat64Array(0, 1, 0.707107, 0, 0, 0.707107)
tracks/2/type = "rotation_3d"
tracks/2/imported = true
tracks/2/enabled = true
tracks/2/path = NodePath("Root_/GeneralSkeleton:RightEye")
tracks/2/interp = 1
tracks/2/loop_wrap = true
tracks/2/keys = PackedFloat64Array(0, 1, 0.707107, 0, 0, 0.707107)

[sub_resource type="Animation" id="Animation_c20qo"]
resource_name = "blinkRight"
tracks/0/type = "blend_shape"
tracks/0/imported = false
tracks/0/enabled = true
tracks/0/path = NodePath("Root_/GeneralSkeleton/Face:Face.M_F00_000_00_Fcl_EYE_Close_R")
tracks/0/interp = 1
tracks/0/loop_wrap = true
tracks/0/keys = PackedFloat64Array(0, 1, 0.99999)
tracks/1/type = "rotation_3d"
tracks/1/imported = true
tracks/1/enabled = true
tracks/1/path = NodePath("Root_/GeneralSkeleton:LeftEye")
tracks/1/interp = 1
tracks/1/loop_wrap = true
tracks/1/keys = PackedFloat64Array(0, 1, 0.707107, 0, 0, 0.707107)
tracks/2/type = "rotation_3d"
tracks/2/imported = true
tracks/2/enabled = true
tracks/2/path = NodePath("Root_/GeneralSkeleton:RightEye")
tracks/2/interp = 1
tracks/2/loop_wrap = true
tracks/2/keys = PackedFloat64Array(0, 1, 0.707107, 0, 0, 0.707107)

[sub_resource type="Animation" id="Animation_cm78w"]
resource_name = "angry"
tracks/0/type = "blend_shape"
tracks/0/imported = false
tracks/0/enabled = true
tracks/0/path = NodePath("Root_/GeneralSkeleton/Face:Face.M_F00_000_00_Fcl_ALL_Angry")
tracks/0/interp = 1
tracks/0/loop_wrap = true
tracks/0/keys = PackedFloat64Array(0, 1, 0.99999)
tracks/1/type = "rotation_3d"
tracks/1/imported = true
tracks/1/enabled = true
tracks/1/path = NodePath("Root_/GeneralSkeleton:LeftEye")
tracks/1/interp = 1
tracks/1/loop_wrap = true
tracks/1/keys = PackedFloat64Array(0, 1, 0.707107, 0, 0, 0.707107)
tracks/2/type = "rotation_3d"
tracks/2/imported = true
tracks/2/enabled = true
tracks/2/path = NodePath("Root_/GeneralSkeleton:RightEye")
tracks/2/interp = 1
tracks/2/loop_wrap = true
tracks/2/keys = PackedFloat64Array(0, 1, 0.707107, 0, 0, 0.707107)

[sub_resource type="Animation" id="Animation_gu8ai"]
resource_name = "relaxed"
tracks/0/type = "blend_shape"
tracks/0/imported = false
tracks/0/enabled = true
tracks/0/path = NodePath("Root_/GeneralSkeleton/Face:Face.M_F00_000_00_Fcl_ALL_Fun")
tracks/0/interp = 1
tracks/0/loop_wrap = true
tracks/0/keys = PackedFloat64Array(0, 1, 0.99999)
tracks/1/type = "rotation_3d"
tracks/1/imported = true
tracks/1/enabled = true
tracks/1/path = NodePath("Root_/GeneralSkeleton:LeftEye")
tracks/1/interp = 1
tracks/1/loop_wrap = true
tracks/1/keys = PackedFloat64Array(0, 1, 0.707107, 0, 0, 0.707107)
tracks/2/type = "rotation_3d"
tracks/2/imported = true
tracks/2/enabled = true
tracks/2/path = NodePath("Root_/GeneralSkeleton:RightEye")
tracks/2/interp = 1
tracks/2/loop_wrap = true
tracks/2/keys = PackedFloat64Array(0, 1, 0.707107, 0, 0, 0.707107)

[sub_resource type="Animation" id="Animation_xb2w4"]
resource_name = "happy"
tracks/0/type = "blend_shape"
tracks/0/imported = false
tracks/0/enabled = true
tracks/0/path = NodePath("Root_/GeneralSkeleton/Face:Face.M_F00_000_00_Fcl_ALL_Joy")
tracks/0/interp = 1
tracks/0/loop_wrap = true
tracks/0/keys = PackedFloat64Array(0, 1, 0.99999)
tracks/1/type = "rotation_3d"
tracks/1/imported = true
tracks/1/enabled = true
tracks/1/path = NodePath("Root_/GeneralSkeleton:LeftEye")
tracks/1/interp = 1
tracks/1/loop_wrap = true
tracks/1/keys = PackedFloat64Array(0, 1, 0.707107, 0, 0, 0.707107)
tracks/2/type = "rotation_3d"
tracks/2/imported = true
tracks/2/enabled = true
tracks/2/path = NodePath("Root_/GeneralSkeleton:RightEye")
tracks/2/interp = 1
tracks/2/loop_wrap = true
tracks/2/keys = PackedFloat64Array(0, 1, 0.707107, 0, 0, 0.707107)

[sub_resource type="Animation" id="Animation_k0l7p"]
resource_name = "sad"
tracks/0/type = "blend_shape"
tracks/0/imported = false
tracks/0/enabled = true
tracks/0/path = NodePath("Root_/GeneralSkeleton/Face:Face.M_F00_000_00_Fcl_ALL_Sorrow")
tracks/0/interp = 1
tracks/0/loop_wrap = true
tracks/0/keys = PackedFloat64Array(0, 1, 0.99999)
tracks/1/type = "rotation_3d"
tracks/1/imported = true
tracks/1/enabled = true
tracks/1/path = NodePath("Root_/GeneralSkeleton:LeftEye")
tracks/1/interp = 1
tracks/1/loop_wrap = true
tracks/1/keys = PackedFloat64Array(0, 1, 0.707107, 0, 0, 0.707107)
tracks/2/type = "rotation_3d"
tracks/2/imported = true
tracks/2/enabled = true
tracks/2/path = NodePath("Root_/GeneralSkeleton:RightEye")
tracks/2/interp = 1
tracks/2/loop_wrap = true
tracks/2/keys = PackedFloat64Array(0, 1, 0.707107, 0, 0, 0.707107)

[sub_resource type="Animation" id="Animation_5klsh"]
resource_name = "Surprised"
tracks/0/type = "blend_shape"
tracks/0/imported = false
tracks/0/enabled = true
tracks/0/path = NodePath("Root_/GeneralSkeleton/Face:Face.M_F00_000_00_Fcl_ALL_Surprised")
tracks/0/interp = 1
tracks/0/loop_wrap = true
tracks/0/keys = PackedFloat64Array(0, 1, 0.99999)
tracks/1/type = "rotation_3d"
tracks/1/imported = true
tracks/1/enabled = true
tracks/1/path = NodePath("Root_/GeneralSkeleton:LeftEye")
tracks/1/interp = 1
tracks/1/loop_wrap = true
tracks/1/keys = PackedFloat64Array(0, 1, 0.707107, 0, 0, 0.707107)
tracks/2/type = "rotation_3d"
tracks/2/imported = true
tracks/2/enabled = true
tracks/2/path = NodePath("Root_/GeneralSkeleton:RightEye")
tracks/2/interp = 1
tracks/2/loop_wrap = true
tracks/2/keys = PackedFloat64Array(0, 1, 0.707107, 0, 0, 0.707107)

[sub_resource type="Animation" id="Animation_si4xx"]
resource_name = "Extra"
tracks/0/type = "blend_shape"
tracks/0/imported = false
tracks/0/enabled = true
tracks/0/path = NodePath("Root_/GeneralSkeleton/Face:Face.M_F00_000_00_Fcl_EYE_Extra")
tracks/0/interp = 1
tracks/0/loop_wrap = true
tracks/0/keys = PackedFloat64Array(0, 1, 0.99999)
tracks/1/type = "blend_shape"
tracks/1/imported = false
tracks/1/enabled = true
tracks/1/path = NodePath("Root_/GeneralSkeleton/EyeExtra:EyeExtra_01.M_F00_000_00_EyeExtra_On")
tracks/1/interp = 1
tracks/1/loop_wrap = true
tracks/1/keys = PackedFloat64Array(0, 1, 0.99999)
tracks/2/type = "rotation_3d"
tracks/2/imported = true
tracks/2/enabled = true
tracks/2/path = NodePath("Root_/GeneralSkeleton:LeftEye")
tracks/2/interp = 1
tracks/2/loop_wrap = true
tracks/2/keys = PackedFloat64Array(0, 1, 0.707107, 0, 0, 0.707107)
tracks/3/type = "rotation_3d"
tracks/3/imported = true
tracks/3/enabled = true
tracks/3/path = NodePath("Root_/GeneralSkeleton:RightEye")
tracks/3/interp = 1
tracks/3/loop_wrap = true
tracks/3/keys = PackedFloat64Array(0, 1, 0.707107, 0, 0, 0.707107)

[sub_resource type="Animation" id="Animation_misej"]
resource_name = "lookUp"
tracks/0/type = "rotation_3d"
tracks/0/imported = true
tracks/0/enabled = true
tracks/0/path = NodePath("Root_/GeneralSkeleton:LeftEye")
tracks/0/interp = 1
tracks/0/loop_wrap = true
tracks/0/keys = PackedFloat64Array(0, 1, 0.707107, 0, 0, 0.707107)
tracks/1/type = "rotation_3d"
tracks/1/imported = true
tracks/1/enabled = true
tracks/1/path = NodePath("Root_/GeneralSkeleton:RightEye")
tracks/1/interp = 1
tracks/1/loop_wrap = true
tracks/1/keys = PackedFloat64Array(0, 1, 0.707107, 0, 0, 0.707107)

[sub_resource type="Animation" id="Animation_pusyj"]
resource_name = "lookDown"
tracks/0/type = "rotation_3d"
tracks/0/imported = true
tracks/0/enabled = true
tracks/0/path = NodePath("Root_/GeneralSkeleton:LeftEye")
tracks/0/interp = 1
tracks/0/loop_wrap = true
tracks/0/keys = PackedFloat64Array(0, 1, 0.707107, 0, 0, 0.707107)
tracks/1/type = "rotation_3d"
tracks/1/imported = true
tracks/1/enabled = true
tracks/1/path = NodePath("Root_/GeneralSkeleton:RightEye")
tracks/1/interp = 1
tracks/1/loop_wrap = true
tracks/1/keys = PackedFloat64Array(0, 1, 0.707107, 0, 0, 0.707107)

[sub_resource type="Animation" id="Animation_d8uws"]
resource_name = "lookLeft"
tracks/0/type = "rotation_3d"
tracks/0/imported = true
tracks/0/enabled = true
tracks/0/path = NodePath("Root_/GeneralSkeleton:LeftEye")
tracks/0/interp = 1
tracks/0/loop_wrap = true
tracks/0/keys = PackedFloat64Array(0, 1, 0.707107, 0, 0, 0.707107)
tracks/1/type = "rotation_3d"
tracks/1/imported = true
tracks/1/enabled = true
tracks/1/path = NodePath("Root_/GeneralSkeleton:RightEye")
tracks/1/interp = 1
tracks/1/loop_wrap = true
tracks/1/keys = PackedFloat64Array(0, 1, 0.707107, 0, 0, 0.707107)

[sub_resource type="Animation" id="Animation_r7ho3"]
resource_name = "lookRight"
tracks/0/type = "rotation_3d"
tracks/0/imported = true
tracks/0/enabled = true
tracks/0/path = NodePath("Root_/GeneralSkeleton:LeftEye")
tracks/0/interp = 1
tracks/0/loop_wrap = true
tracks/0/keys = PackedFloat64Array(0, 1, 0.707107, 0, 0, 0.707107)
tracks/1/type = "rotation_3d"
tracks/1/imported = true
tracks/1/enabled = true
tracks/1/path = NodePath("Root_/GeneralSkeleton:RightEye")
tracks/1/interp = 1
tracks/1/loop_wrap = true
tracks/1/keys = PackedFloat64Array(0, 1, 0.707107, 0, 0, 0.707107)

[sub_resource type="Animation" id="Animation_6bv8n"]
tracks/0/type = "rotation_3d"
tracks/0/imported = false
tracks/0/enabled = true
tracks/0/path = NodePath("Root_/GeneralSkeleton:LeftEye")
tracks/0/interp = 1
tracks/0/loop_wrap = true
tracks/0/keys = PackedFloat64Array(1, 1, 0.703233, 0.0739128, -0.0739128, 0.703233)
tracks/1/type = "rotation_3d"
tracks/1/imported = false
tracks/1/enabled = true
tracks/1/path = NodePath("Root_/GeneralSkeleton:RightEye")
tracks/1/interp = 1
tracks/1/loop_wrap = true
tracks/1/keys = PackedFloat64Array(1, 1, 0.705384, 0.0493253, -0.0493253, 0.705384)

[sub_resource type="Animation" id="Animation_w5cii"]
tracks/0/type = "rotation_3d"
tracks/0/imported = false
tracks/0/enabled = true
tracks/0/path = NodePath("Root_/GeneralSkeleton:LeftEye")
tracks/0/interp = 1
tracks/0/loop_wrap = true
tracks/0/keys = PackedFloat64Array(1, 1, 0.705384, -0.0493253, 0.0493253, 0.705384)
tracks/1/type = "rotation_3d"
tracks/1/imported = false
tracks/1/enabled = true
tracks/1/path = NodePath("Root_/GeneralSkeleton:RightEye")
tracks/1/interp = 1
tracks/1/loop_wrap = true
tracks/1/keys = PackedFloat64Array(1, 1, 0.703233, -0.0739128, 0.0739128, 0.703233)

[sub_resource type="Animation" id="Animation_vgrtq"]
tracks/0/type = "rotation_3d"
tracks/0/imported = false
tracks/0/enabled = true
tracks/0/path = NodePath("Root_/GeneralSkeleton:LeftEye")
tracks/0/interp = 1
tracks/0/loop_wrap = true
tracks/0/keys = PackedFloat64Array(1, 1, 0.642788, 0, 0, 0.766044)
tracks/1/type = "rotation_3d"
tracks/1/imported = false
tracks/1/enabled = true
tracks/1/path = NodePath("Root_/GeneralSkeleton:RightEye")
tracks/1/interp = 1
tracks/1/loop_wrap = true
tracks/1/keys = PackedFloat64Array(1, 1, 0.642788, 0, 0, 0.766044)

[sub_resource type="Animation" id="Animation_ixid7"]
tracks/0/type = "rotation_3d"
tracks/0/imported = false
tracks/0/enabled = true
tracks/0/path = NodePath("Root_/GeneralSkeleton:LeftEye")
tracks/0/interp = 1
tracks/0/loop_wrap = true
tracks/0/keys = PackedFloat64Array(1, 1, 0.766044, 0, 0, 0.642788)
tracks/1/type = "rotation_3d"
tracks/1/imported = false
tracks/1/enabled = true
tracks/1/path = NodePath("Root_/GeneralSkeleton:RightEye")
tracks/1/interp = 1
tracks/1/loop_wrap = true
tracks/1/keys = PackedFloat64Array(1, 1, 0.766044, 0, 0, 0.642788)

[sub_resource type="Animation" id="Animation_a6ovw"]
resource_name = "RESET"
tracks/0/type = "blend_shape"
tracks/0/imported = false
tracks/0/enabled = true
tracks/0/path = NodePath("Root_/GeneralSkeleton/Face:Face.M_F00_000_00_Fcl_MTH_A")
tracks/0/interp = 1
tracks/0/loop_wrap = true
tracks/0/keys = PackedFloat64Array(0, 1, 0)
tracks/1/type = "blend_shape"
tracks/1/imported = false
tracks/1/enabled = true
tracks/1/path = NodePath("Root_/GeneralSkeleton/Face:Face.M_F00_000_00_Fcl_MTH_I")
tracks/1/interp = 1
tracks/1/loop_wrap = true
tracks/1/keys = PackedFloat64Array(0, 1, 0)
tracks/2/type = "blend_shape"
tracks/2/imported = false
tracks/2/enabled = true
tracks/2/path = NodePath("Root_/GeneralSkeleton/Face:Face.M_F00_000_00_Fcl_MTH_U")
tracks/2/interp = 1
tracks/2/loop_wrap = true
tracks/2/keys = PackedFloat64Array(0, 1, 0)
tracks/3/type = "blend_shape"
tracks/3/imported = false
tracks/3/enabled = true
tracks/3/path = NodePath("Root_/GeneralSkeleton/Face:Face.M_F00_000_00_Fcl_MTH_E")
tracks/3/interp = 1
tracks/3/loop_wrap = true
tracks/3/keys = PackedFloat64Array(0, 1, 0)
tracks/4/type = "blend_shape"
tracks/4/imported = false
tracks/4/enabled = true
tracks/4/path = NodePath("Root_/GeneralSkeleton/Face:Face.M_F00_000_00_Fcl_MTH_O")
tracks/4/interp = 1
tracks/4/loop_wrap = true
tracks/4/keys = PackedFloat64Array(0, 1, 0)
tracks/5/type = "blend_shape"
tracks/5/imported = false
tracks/5/enabled = true
tracks/5/path = NodePath("Root_/GeneralSkeleton/Face:Face.M_F00_000_00_Fcl_EYE_Close")
tracks/5/interp = 1
tracks/5/loop_wrap = true
tracks/5/keys = PackedFloat64Array(0, 1, 0)
tracks/6/type = "blend_shape"
tracks/6/imported = false
tracks/6/enabled = true
tracks/6/path = NodePath("Root_/GeneralSkeleton/Face:Face.M_F00_000_00_Fcl_EYE_Close_L")
tracks/6/interp = 1
tracks/6/loop_wrap = true
tracks/6/keys = PackedFloat64Array(0, 1, 0)
tracks/7/type = "blend_shape"
tracks/7/imported = false
tracks/7/enabled = true
tracks/7/path = NodePath("Root_/GeneralSkeleton/Face:Face.M_F00_000_00_Fcl_EYE_Close_R")
tracks/7/interp = 1
tracks/7/loop_wrap = true
tracks/7/keys = PackedFloat64Array(0, 1, 0)
tracks/8/type = "blend_shape"
tracks/8/imported = false
tracks/8/enabled = true
tracks/8/path = NodePath("Root_/GeneralSkeleton/Face:Face.M_F00_000_00_Fcl_ALL_Angry")
tracks/8/interp = 1
tracks/8/loop_wrap = true
tracks/8/keys = PackedFloat64Array(0, 1, 0)
tracks/9/type = "blend_shape"
tracks/9/imported = false
tracks/9/enabled = true
tracks/9/path = NodePath("Root_/GeneralSkeleton/Face:Face.M_F00_000_00_Fcl_ALL_Fun")
tracks/9/interp = 1
tracks/9/loop_wrap = true
tracks/9/keys = PackedFloat64Array(0, 1, 0)
tracks/10/type = "blend_shape"
tracks/10/imported = false
tracks/10/enabled = true
tracks/10/path = NodePath("Root_/GeneralSkeleton/Face:Face.M_F00_000_00_Fcl_ALL_Joy")
tracks/10/interp = 1
tracks/10/loop_wrap = true
tracks/10/keys = PackedFloat64Array(0, 1, 0)
tracks/11/type = "blend_shape"
tracks/11/imported = false
tracks/11/enabled = true
tracks/11/path = NodePath("Root_/GeneralSkeleton/Face:Face.M_F00_000_00_Fcl_ALL_Sorrow")
tracks/11/interp = 1
tracks/11/loop_wrap = true
tracks/11/keys = PackedFloat64Array(0, 1, 0)
tracks/12/type = "blend_shape"
tracks/12/imported = false
tracks/12/enabled = true
tracks/12/path = NodePath("Root_/GeneralSkeleton/Face:Face.M_F00_000_00_Fcl_ALL_Surprised")
tracks/12/interp = 1
tracks/12/loop_wrap = true
tracks/12/keys = PackedFloat64Array(0, 1, 0)
tracks/13/type = "blend_shape"
tracks/13/imported = false
tracks/13/enabled = true
tracks/13/path = NodePath("Root_/GeneralSkeleton/Face:Face.M_F00_000_00_Fcl_EYE_Extra")
tracks/13/interp = 1
tracks/13/loop_wrap = true
tracks/13/keys = PackedFloat64Array(0, 1, 0)
tracks/14/type = "blend_shape"
tracks/14/imported = false
tracks/14/enabled = true
tracks/14/path = NodePath("Root_/GeneralSkeleton/EyeExtra:EyeExtra_01.M_F00_000_00_EyeExtra_On")
tracks/14/interp = 1
tracks/14/loop_wrap = true
tracks/14/keys = PackedFloat64Array(0, 1, 0)
tracks/15/type = "rotation_3d"
tracks/15/imported = false
tracks/15/enabled = true
tracks/15/path = NodePath("Root_/GeneralSkeleton:LeftEye")
tracks/15/interp = 1
tracks/15/loop_wrap = true
tracks/15/keys = PackedFloat64Array(0, 1, 0.707107, 0, 0, 0.707107)
tracks/16/type = "rotation_3d"
tracks/16/imported = false
tracks/16/enabled = true
tracks/16/path = NodePath("Root_/GeneralSkeleton:RightEye")
tracks/16/interp = 1
tracks/16/loop_wrap = true
tracks/16/keys = PackedFloat64Array(0, 1, 0.707107, 0, 0, 0.707107)

[sub_resource type="AnimationLibrary" id="AnimationLibrary_w64ou"]
_data = {
&"Extra": SubResource("Animation_si4xx"),
&"RESET": SubResource("Animation_a6ovw"),
&"Surprised": SubResource("Animation_5klsh"),
&"aa": SubResource("Animation_nb837"),
&"angry": SubResource("Animation_cm78w"),
&"blink": SubResource("Animation_je4tf"),
&"blinkLeft": SubResource("Animation_h16ni"),
&"blinkRight": SubResource("Animation_c20qo"),
&"ee": SubResource("Animation_pmejv"),
&"happy": SubResource("Animation_xb2w4"),
&"ih": SubResource("Animation_o5qnm"),
&"lookDown": SubResource("Animation_ixid7"),
&"lookDownRaw": SubResource("Animation_pusyj"),
&"lookLeft": SubResource("Animation_6bv8n"),
&"lookLeftRaw": SubResource("Animation_d8uws"),
&"lookRight": SubResource("Animation_w5cii"),
&"lookRightRaw": SubResource("Animation_r7ho3"),
&"lookUp": SubResource("Animation_vgrtq"),
&"lookUpRaw": SubResource("Animation_misej"),
&"neutral": SubResource("Animation_2t6jx"),
&"oh": SubResource("Animation_8yfu8"),
&"ou": SubResource("Animation_viqao"),
&"relaxed": SubResource("Animation_gu8ai"),
&"sad": SubResource("Animation_k0l7p")
}

[sub_resource type="AnimationLibrary" id="AnimationLibrary_46keh"]
_data = {
&"ANIM_Motion_Check_2025-01-10_20-01-57_mp4": ExtResource("2_add43")
}

[node name="three-vrm-girl" instance=ExtResource("1_sxngw")]

[node name="GeneralSkeleton" parent="Root_" index="0"]
bones/0/rotation = Quaternion(-0.00221216, 0.708211, 0.00228538, 0.705994)
bones/1/rotation = Quaternion(-0.0276094, -0.00106938, 0.00700866, 0.999594)
bones/2/rotation = Quaternion(-0.048708, -0.00154711, 0.00768806, 0.998782)
bones/3/rotation = Quaternion(1.65424e-05, 1.38739e-05, -1.88407e-05, 1)
bones/8/rotation = Quaternion(-0.0290514, 0.00677502, -0.00378619, 0.999548)
bones/9/rotation = Quaternion(0.0621851, 0.0164728, -0.0259762, 0.997591)
bones/82/rotation = Quaternion(0.51827, 0.443319, 0.390472, -0.618382)
bones/83/rotation = Quaternion(-0.191842, 0.600827, -0.744149, -0.220104)
bones/88/rotation = Quaternion(0.00658427, -0.732104, 0.0072843, 0.681122)
bones/89/rotation = Quaternion(0.000331192, 0.714489, -0.160439, 0.681003)
bones/90/rotation = Quaternion(0.128494, -0.0366206, 0.156405, 0.978614)
bones/91/rotation = Quaternion(0.0446126, 3.67704e-06, 2.14015e-05, 0.999004)
bones/92/rotation = Quaternion(0.000971053, 4.37158e-06, 1.90959e-06, 1)
bones/94/rotation = Quaternion(0.116795, 0.0291284, -0.128167, 0.984421)
bones/95/rotation = Quaternion(0.411283, -1.20226e-07, 0.000185607, 0.911508)
bones/96/rotation = Quaternion(0.230801, 5.94274e-08, 0.000104196, 0.973001)
bones/98/rotation = Quaternion(0.103146, 0.00778844, -0.012166, 0.994561)
bones/99/rotation = Quaternion(0.35357, 2.07882e-07, 0.000159682, 0.935408)
bones/100/rotation = Quaternion(0.264435, -2.7009e-07, 0.000119264, 0.964404)
bones/102/rotation = Quaternion(0.157722, 0.0556245, -0.20636, 0.964077)
bones/103/rotation = Quaternion(0.349618, -1.23702e-07, 0.000157815, 0.936892)
bones/104/rotation = Quaternion(0.215383, 2.81003e-07, 9.72802e-05, 0.97653)
bones/106/rotation = Quaternion(0.126213, 0.733403, 0.209808, 0.634169)
bones/107/rotation = Quaternion(0.0603028, -0.0253805, -0.00691918, 0.997833)
bones/108/rotation = Quaternion(0.0158822, -0.0252023, -0.00549294, 0.999541)
bones/110/rotation = Quaternion(0.503349, -0.450635, -0.379109, -0.632333)
bones/111/rotation = Quaternion(0.1476, 0.625519, -0.738399, 0.204221)
bones/116/rotation = Quaternion(-0.00179421, 0.764273, 0.00230112, 0.644886)
bones/117/rotation = Quaternion(0.130653, -0.668014, 0.188468, 0.707931)
bones/118/rotation = Quaternion(0.00311993, 0.0126802, -0.0430965, 0.998986)
bones/119/rotation = Quaternion(0.264576, 7.46052e-07, -0.000122878, 0.964365)
bones/120/rotation = Quaternion(0.357585, -6.13482e-07, -0.000166542, 0.93388)
bones/122/rotation = Quaternion(0.0923197, -0.0424885, 0.166186, 0.980844)
bones/123/rotation = Quaternion(0.483715, -7.8837e-06, -0.000237655, 0.875226)
bones/124/rotation = Quaternion(0.201883, 8.91914e-07, -9.3685e-05, 0.97941)
bones/126/rotation = Quaternion(0.132045, -0.0150384, 0.0324603, 0.990598)
bones/127/rotation = Quaternion(0.327434, 2.53924e-08, -0.000152355, 0.944874)
bones/128/rotation = Quaternion(0.252231, -4.50311e-06, -0.000100277, 0.967667)
bones/130/rotation = Quaternion(0.121168, -0.0647008, 0.231769, 0.963024)
bones/131/rotation = Quaternion(0.418046, 1.51727e-06, -0.000194069, 0.908426)
bones/132/rotation = Quaternion(0.252578, -8.35277e-07, -0.000117775, 0.967577)
bones/134/rotation = Quaternion(-0.133469, -0.50192, -0.475414, 0.710101)
bones/135/rotation = Quaternion(0.185179, 0.0256148, 0.0593081, 0.980579)
bones/136/rotation = Quaternion(0.185173, 0.0256142, 0.0593207, 0.980579)
bones/138/rotation = Quaternion(0.00802233, -0.00329877, 0.999921, 0.00911588)
bones/145/rotation = Quaternion(0.00118931, 0.999968, -0.00686828, 0.00391576)
bones/146/rotation = Quaternion(-0.0046929, 0.688105, -0.725579, -0.00488556)
bones/147/rotation = Quaternion(3.1112e-10, 0.999818, -0.0191038, -4.11674e-11)
bones/149/rotation = Quaternion(-0.0366494, 0.000844664, 0.999299, 0.00758786)
bones/156/rotation = Quaternion(-0.00436819, 0.999968, -0.00571927, -0.00350725)
bones/157/rotation = Quaternion(0.035999, 0.691, -0.721918, 0.00758744)
bones/158/rotation = Quaternion(4.7944e-10, 0.999791, -0.020452, 4.42127e-10)
bones/160/position = Vector3(1.60083, 3.13153, -22.1041)

[node name="Head" parent="Root_/GeneralSkeleton" index="6"]
transform = Transform3D(-0.0365081, -0.0938, 0.994921, -0.036636, 0.995042, 0.092467, -0.998662, -0.0330741, -0.0397635, 1.52653, 4.49379, -22.0885)

[node name="Head" parent="Root_/GeneralSkeleton/SpringBoneSimulator3D" index="0"]
transform = Transform3D(-0.0365081, -0.0938, 0.994921, -0.036636, 0.995042, 0.092467, -0.998662, -0.0330741, -0.0397635, 1.50462, 4.59238, -22.0913)

[node name="LeftUpperArm" parent="Root_/GeneralSkeleton/SpringBoneSimulator3D" index="1"]
transform = Transform3D(-0.862366, -0.399193, 0.311401, 0.439529, -0.895563, 0.0691456, 0.251277, 0.196499, 0.94776, 1.52471, 4.39542, -22.1887)

[node name="LeftUpperArm2" parent="Root_/GeneralSkeleton/SpringBoneSimulator3D" index="2"]
transform = Transform3D(-0.862366, -0.399193, 0.311401, 0.439529, -0.895563, 0.0691456, 0.251277, 0.196499, 0.94776, 1.49643, 4.32829, -22.1709)

[node name="LeftUpperArm3" parent="Root_/GeneralSkeleton/SpringBoneSimulator3D" index="3"]
transform = Transform3D(-0.862366, -0.399193, 0.311401, 0.439529, -0.895563, 0.0691456, 0.251277, 0.196499, 0.94776, 1.46815, 4.26116, -22.153)

[node name="RightUpperArm" parent="Root_/GeneralSkeleton/SpringBoneSimulator3D" index="4"]
transform = Transform3D(0.894279, -0.356034, 0.271117, -0.380092, -0.924074, 0.0402271, 0.23621, -0.139024, -0.961705, 1.52333, 4.39285, -21.9932)

[node name="RightUpperArm2" parent="Root_/GeneralSkeleton/SpringBoneSimulator3D" index="5"]
transform = Transform3D(0.894279, -0.356034, 0.271117, -0.380092, -0.924074, 0.0402271, 0.23621, -0.139024, -0.961705, 1.49817, 4.32353, -22.0068)

[node name="RightUpperArm3" parent="Root_/GeneralSkeleton/SpringBoneSimulator3D" index="6"]
transform = Transform3D(0.894279, -0.356034, 0.271117, -0.380092, -0.924074, 0.0402271, 0.23621, -0.139024, -0.961705, 1.473, 4.2542, -22.0204)

[node name="LeftLowerArm" parent="Root_/GeneralSkeleton/SpringBoneSimulator3D" index="7"]
transform = Transform3D(0.372621, -0.382773, 0.845363, 0.0370406, -0.904107, -0.425699, 0.927244, 0.189937, -0.322711, 1.43962, 4.19765, -22.1461)

[node name="LeftLowerArm2" parent="Root_/GeneralSkeleton/SpringBoneSimulator3D" index="8"]
transform = Transform3D(0.372621, -0.382773, 0.845363, 0.0370406, -0.904107, -0.425699, 0.927244, 0.189937, -0.322711, 1.42406, 4.15085, -22.1378)

[node name="LeftLowerArm3" parent="Root_/GeneralSkeleton/SpringBoneSimulator3D" index="9"]
transform = Transform3D(0.372621, -0.382773, 0.845363, 0.0370406, -0.904107, -0.425699, 0.927244, 0.189937, -0.322711, 1.40851, 4.10405, -22.1296)

[node name="LeftLowerArm4" parent="Root_/GeneralSkeleton/SpringBoneSimulator3D" index="10"]
transform = Transform3D(0.372621, -0.382773, 0.845363, 0.0370406, -0.904107, -0.425699, 0.927244, 0.189937, -0.322711, 1.39295, 4.05725, -22.1214)

[node name="RightLowerArm" parent="Root_/GeneralSkeleton/SpringBoneSimulator3D" index="11"]
transform = Transform3D(-0.417783, -0.360809, 0.833831, 0.0240833, -0.921839, -0.386824, 0.908227, -0.141527, 0.393818, 1.44779, 4.18899, -22.0233)

[node name="RightLowerArm2" parent="Root_/GeneralSkeleton/SpringBoneSimulator3D" index="12"]
transform = Transform3D(-0.417783, -0.360809, 0.833831, 0.0240833, -0.921839, -0.386824, 0.908227, -0.141527, 0.393818, 1.43329, 4.14146, -22.0288)

[node name="RightLowerArm3" parent="Root_/GeneralSkeleton/SpringBoneSimulator3D" index="13"]
transform = Transform3D(-0.417783, -0.360809, 0.833831, 0.0240833, -0.921839, -0.386824, 0.908227, -0.141527, 0.393818, 1.41879, 4.09393, -22.0343)

[node name="RightLowerArm4" parent="Root_/GeneralSkeleton/SpringBoneSimulator3D" index="14"]
transform = Transform3D(-0.417783, -0.360809, 0.833831, 0.0240833, -0.921839, -0.386824, 0.908227, -0.141527, 0.393818, 1.40428, 4.0464, -22.0399)

[node name="LeftHand" parent="Root_/GeneralSkeleton/SpringBoneSimulator3D" index="15"]
transform = Transform3D(-0.766287, -0.474896, 0.432757, 0.60876, -0.752045, 0.252663, 0.205464, 0.457058, 0.86538, 1.36479, 3.98111, -22.1019)

[node name="RightHand" parent="Root_/GeneralSkeleton/SpringBoneSimulator3D" index="16"]
transform = Transform3D(0.781179, -0.194158, 0.593348, -0.469111, -0.809666, 0.352671, 0.41194, -0.553845, -0.723575, 1.38311, 3.96841, -22.0574)

[node name="UpperChest" parent="Root_/GeneralSkeleton/SpringBoneSimulator3D" index="17"]
transform = Transform3D(-0.000112157, -0.158299, 0.987391, 0.029753, 0.986954, 0.158232, -0.999557, 0.0293956, 0.00459917, 1.59315, 4.31773, -22.0931)

[node name="UpperChest2" parent="Root_/GeneralSkeleton/SpringBoneSimulator3D" index="18"]
transform = Transform3D(-0.000112157, -0.158299, 0.987391, 0.029753, 0.986954, 0.158232, -0.999557, 0.0293956, 0.00459917, 1.54724, 4.36937, -22.1415)

[node name="UpperChest3" parent="Root_/GeneralSkeleton/SpringBoneSimulator3D" index="19"]
transform = Transform3D(-0.000112157, -0.158299, 0.987391, 0.029753, 0.986954, 0.158232, -0.999557, 0.0293956, 0.00459917, 1.54725, 4.3664, -22.0416)

[node name="Spine" parent="Root_/GeneralSkeleton/SpringBoneSimulator3D" index="20"]
transform = Transform3D(-0.00147398, -0.0615161, 0.998105, 0.0141751, 0.998005, 0.0615309, -0.999898, 0.0142389, -0.000599045, 1.6101, 4.0785, -22.0984)

[node name="Neck" parent="Root_/GeneralSkeleton/SpringBoneSimulator3D" index="21"]
transform = Transform3D(-0.0120076, -0.215423, 0.976447, 0.0197824, 0.976275, 0.215628, -0.999732, 0.0219057, -0.00746114, 1.54328, 4.45232, -22.0895)

[node name="LeftUpperLeg" parent="Root_/GeneralSkeleton/SpringBoneSimulator3D" index="22"]
transform = Transform3D(0.0191222, -3.4181e-05, 0.999817, 0.0181859, -0.999835, -0.000382, 0.999652, 0.0181899, -0.0191184, 1.59713, 3.98555, -22.1755)

[node name="LeftUpperLeg2" parent="Root_/GeneralSkeleton/SpringBoneSimulator3D" index="23"]
transform = Transform3D(0.0191222, -3.4181e-05, 0.999817, 0.0181859, -0.999835, -0.000382, 0.999652, 0.0181899, -0.0191184, 1.5951, 3.86592, -22.1664)

[node name="LeftUpperLeg3" parent="Root_/GeneralSkeleton/SpringBoneSimulator3D" index="24"]
transform = Transform3D(0.0191222, -3.4181e-05, 0.999817, 0.0181859, -0.999835, -0.000382, 0.999652, 0.0181899, -0.0191184, 1.59342, 3.76622, -22.1588)

[node name="RightUpperLeg" parent="Root_/GeneralSkeleton/SpringBoneSimulator3D" index="25"]
transform = Transform3D(-0.0702275, 0.00753922, 0.997503, 0.0145436, -0.999857, 0.00858093, 0.997425, 0.0151099, 0.0701078, 1.59761, 3.98554, -22.0212)

[node name="RightUpperLeg2" parent="Root_/GeneralSkeleton/SpringBoneSimulator3D" index="26"]
transform = Transform3D(-0.0702275, 0.00753922, 0.997503, 0.0145436, -0.999857, 0.00858093, 0.997425, 0.0151099, 0.0701078, 1.59685, 3.86565, -22.0265)

[node name="RightUpperLeg3" parent="Root_/GeneralSkeleton/SpringBoneSimulator3D" index="27"]
transform = Transform3D(-0.0702275, 0.00753922, 0.997503, 0.0145436, -0.999857, 0.00858093, 0.997425, 0.0151099, 0.0701078, 1.59622, 3.76575, -22.0308)

[node name="AnimationTree" type="AnimationTree" parent="Root_/GeneralSkeleton" index="8"]
root_node = NodePath("%GeneralSkeleton/../..")
tree_root = SubResource("AnimationNodeBlendTree_6co3l")
anim_player = NodePath("../../../AnimationPlayer")
parameters/Add2/add_amount = 0.01

[node name="AnimationPlayer" parent="." index="1"]
libraries = {
&"": SubResource("AnimationLibrary_w64ou"),
&"Motion Checker": SubResource("AnimationLibrary_46keh")
}
